service_id,monday,tuesday,wednesday,thursday,friday,saturday,sunday,start_date,end_date
BBL 17_18-399-Weekday-01,1,1,1,1,1,0,0,20170714,20170929
BCC 17_18-BCC_FUL-Friday-01,0,0,0,0,1,0,0,20170714,20170929
BCC 17_18-BCC_SAT-Saturday-01,0,0,0,0,0,1,0,20170715,20170930
BCC 17_18-BCC_SUN-Sunday-01,0,0,0,0,0,0,1,20170716,20170924
BCC 17_18-BCC_FUL-M-Tu-W-Th-01,1,1,1,1,0,0,0,20170717,20170928
BCC 17_18-BCC_FUL-M-Tu-W-Th-01-0110000,0,1,1,0,0,0,0,20170717,20170928
BCC 17_18-BCC_PH-Sunday-01,0,0,0,0,0,0,1,20170816,20170816
BIC 17_18-BIC_FUL-Weekday-01,1,1,1,1,1,0,0,20170714,20170915
BIC 17_18-BIC_SAT-Saturday-01,0,0,0,0,0,1,0,20170715,20170930
BIC 17_18-BIC_SUN-Sunday-01,0,0,0,0,0,0,1,20170716,20170924
BIC 17_18-BIC_WD-Weekday-01,1,1,1,1,1,0,0,20170814,20170929
BITS 17_18-BITS_WD-Weekday-01,1,1,1,1,1,0,0,20170714,20170728
BITS 17_18-BITS_WD-Weekday-01-0000100,0,0,0,0,1,0,0,20170714,20170728
BITS 17_18-BITS_SAT-Saturday-01,0,0,0,0,0,1,0,20170715,20170729
BITS 17_18-BITS_SUN-Sunday-01,0,0,0,0,0,0,1,20170716,20170730
BITS 17_18-BITS_WD-Weekday-02,1,1,1,1,1,0,0,20170731,20170915
BITS 17_18-BITS_WD-Weekday-02-0000100,0,0,0,0,1,0,0,20170731,20170915
BITS 17_18-BITS_SAT-Saturday-02,0,0,0,0,0,1,0,20170805,20170930
BITS 17_18-BITS_SUN-Sunday-02,0,0,0,0,0,0,1,20170806,20170924
BITS 17_18-BITS_HSC-Weekday-02,1,1,1,1,1,0,0,20170814,20170929
BITS 17_18-BITS_HSC-Weekday-02-0000100,0,0,0,0,1,0,0,20170814,20170929
BLKS 17_18-BLINK-Weekday-01,1,1,1,1,1,0,0,20170714,20170915
BT 17_18-JUL_HUNO-Weekday-01,1,1,1,1,1,0,0,20170714,20170714
BT 17_18-JUL_HUNO-Weekday-01-0000100,0,0,0,0,1,0,0,20170714,20170714
BT 17_18-JUL_FUL-Saturday-01,0,0,0,0,0,1,0,20170715,20170930
BT 17_18-JUL_FUL-Sunday-01,0,0,0,0,0,0,1,20170716,20170924
BT 17_18-JUL_FUL-Weekday-01,1,1,1,1,1,0,0,20170717,20170915
BT 17_18-JUL_FUL-Weekday-01-0000100,0,0,0,0,1,0,0,20170717,20170915
BT 17_18-UQ-Sunday-00,0,0,0,0,0,0,1,20170806,20170806
BT 17_18-JUL_PH-Sunday-01,0,0,0,0,0,0,1,20170816,20170816
BT 17_18-JUL_HSC-Weekday-01,1,1,1,1,1,0,0,20170918,20170922
BT 17_18-JUL_HSC-Weekday-01-0000100,0,0,0,0,1,0,0,20170918,20170922
BT 17_18-JUL_UNSO-Weekday-01,1,1,1,1,1,0,0,20170925,20170929
BT 17_18-JUL_UNSO-Weekday-01-0000100,0,0,0,0,1,0,0,20170925,20170929
CBL 17_18-CBL_FUL-Weekday-02,1,1,1,1,1,0,0,20170714,20170915
CBL 17_18-CBL_FUL-Weekday-02-0001000,0,0,0,1,0,0,0,20170714,20170915
CBL 17_18-CBL_FUL-Saturday-02,0,0,0,0,0,1,0,20170715,20170930
CBL 17_18-CBL_FUL-Sunday-02,0,0,0,0,0,0,1,20170716,20170924
CBL 17_18-CBL_HSC-Weekday-02,1,1,1,1,1,0,0,20170814,20170929
CBL 17_18-CBL_HSC-Weekday-02-0001000,0,0,0,1,0,0,0,20170814,20170929
EVENT17_18-RBUS-Weekday-02,1,1,1,1,1,0,0,20170714,20170929
EVENT17_18-RBUS-Weekday-02-0001100,0,0,0,1,1,0,0,20170714,20170929
EVENT17_18-RBUS-Weekday-02-0000100,0,0,0,0,1,0,0,20170714,20170929
EVENT17_18-SUNS17-Saturday-01,0,0,0,0,0,1,0,20170715,20170715
EVENT17_18-SUNS17-Saturday-02,0,0,0,0,0,1,0,20170729,20170819
GCLR 17_18-GCLR2014-Weekday-02,1,1,1,1,1,0,0,20170714,20170929
GCLR 17_18-GCLR2014-Weekday-02-0000100,0,0,0,0,1,0,0,20170714,20170929
GCLR 17_18-GCLR2014-Saturday-02,0,0,0,0,0,1,0,20170715,20170930
GCLR 17_18-GCLR2014-Sunday-02,0,0,0,0,0,0,1,20170716,20170924
HBL 17_18-HBL_FUL-Weekday-02,1,1,1,1,1,0,0,20170714,20170915
HBL 17_18-HBL_FUL-Saturday-02,0,0,0,0,0,1,0,20170715,20170930
HBL 17_18-HBL_FUL-Sunday-02,0,0,0,0,0,0,1,20170716,20170924
HBL 17_18-HBL_HOL-Weekday-02,1,1,1,1,1,0,0,20170918,20170929
KBL 17_18-KBL_FUL-Weekday-02,1,1,1,1,1,0,0,20170714,20170915
KBL 17_18-KBL_FUL-Saturday-02,0,0,0,0,0,1,0,20170715,20170930
KBL 17_18-KBL_FUL-Sunday-02,0,0,0,0,0,0,1,20170716,20170924
KBL 17_18-KBL_HOL-Weekday-03,1,1,1,1,1,0,0,20170918,20170929
LBS 17_18-539-Weekday-01,1,1,1,1,1,0,0,20170714,20170929
LBS 17_18-539-Saturday-01,0,0,0,0,0,1,0,20170715,20170930
LBS 17_18-539-Sunday-01,0,0,0,0,0,0,1,20170716,20170924
LCBS 17_18-LCBS_FUL-Weekday-01,1,1,1,1,1,0,0,20170714,20170714
LCBS 17_18-LCBS_FUL-Weekday-01-0001000,0,0,0,1,0,0,0,20170714,20170714
LCBS 17_18-LCBS_FUL-Weekday-01-0000100,0,0,0,0,1,0,0,20170714,20170714
LCBS 17_18-LCBS_SAT-Saturday-01,0,0,0,0,0,1,0,20170715,20170715
LCBS 17_18-LCBS_SUN-Sunday-01,0,0,0,0,0,0,1,20170716,20170924
LCBS 17_18-LCBS_FUL-Weekday-02,1,1,1,1,1,0,0,20170717,20170915
LCBS 17_18-LCBS_FUL-Weekday-02-0001000,0,0,0,1,0,0,0,20170717,20170915
LCBS 17_18-LCBS_FUL-Weekday-02-0000100,0,0,0,0,1,0,0,20170717,20170915
LCBS 17_18-LCBS_SAT-Saturday-02,0,0,0,0,0,1,0,20170722,20170930
LCBS 17_18-LCBS_HSC-Weekday-02,1,1,1,1,1,0,0,20170918,20170929
LCBS 17_18-LCBS_HSC-Weekday-02-0001000,0,0,0,1,0,0,0,20170918,20170929
LCBS 17_18-LCBS_HSC-Weekday-02-0000100,0,0,0,0,1,0,0,20170918,20170929
MGB 17_18-MGB_FUL-Weekday-01,1,1,1,1,1,0,0,20170714,20170915
MGB 17_18-MGB_SAT-Saturday-01,0,0,0,0,0,1,0,20170715,20170930
MGB 17_18-MGB_SUN-Sunday-01,0,0,0,0,0,0,1,20170716,20170924
MGB 17_18-MGB_HSC-Weekday-01,1,1,1,1,1,0,0,20170918,20170929
PRT 17_18-PRT_FUL-Weekday-01,1,1,1,1,1,0,0,20170714,20170915
PRT 17_18-PRT_SAT-Saturday-01,0,0,0,0,0,1,0,20170715,20170930
PRT 17_18-PRT_SUN-Sunday-01,0,0,0,0,0,0,1,20170716,20170924
PRT 17_18-PRT_HSC-Weekday-01,1,1,1,1,1,0,0,20170918,20170929
QR 17_18-JUL_Fri-Friday-00,0,0,0,0,1,0,0,20170714,20170929
QR 17_18-JUL_Sat-Saturday-00,0,0,0,0,0,1,0,20170715,20170930
QR 17_18-JUL_Sun-Sunday-00,0,0,0,0,0,0,1,20170716,20170924
QR 17_18-JUL_Mon-Monday-00,1,0,0,0,0,0,0,20170717,20170925
QR 17_18-JUL_Tues-Tuesday-00,0,1,0,0,0,0,0,20170718,20170926
QR 17_18-JUL_Wed-Wednesday-00,0,0,1,0,0,0,0,20170719,20170927
QR 17_18-JUL_Thur-Thursday-00,0,0,0,1,0,0,0,20170720,20170928
SBL 17_18-SBL_FUL-Friday-01,0,0,0,0,1,0,0,20170714,20170721
SBL 17_18-SBL_SAT-Saturday-02,0,0,0,0,0,1,0,20170715,20170722
SBL 17_18-SBL_SUN-Sunday-02,0,0,0,0,0,0,1,20170716,20170723
SBL 17_18-SBL_FUL-M-Tu-W-Th-01,1,1,1,1,0,0,0,20170717,20170720
SBL 17_18-SBL_FUL-M-Tu-W-Th-02,1,1,1,1,0,0,0,20170724,20170914
SBL 17_18-SBL_FUL-Friday-02,0,0,0,0,1,0,0,20170728,20170915
SBL 17_18-SBL_SAT-Saturday-03,0,0,0,0,0,1,0,20170729,20170930
SBL 17_18-SBL_SUN-Sunday-03,0,0,0,0,0,0,1,20170730,20170924
SBL 17_18-SBL_HSC-M-Tu-W-Th-03,1,1,1,1,0,0,0,20170918,20170928
SBL 17_18-SBL_HSC-Friday-03,0,0,0,0,1,0,0,20170922,20170929
SUN 17_18-SUN_WD-Weekday-01,1,1,1,1,1,0,0,20170714,20170929
SUN 17_18-SUN_WD-Weekday-01-0010000,0,0,1,0,0,0,0,20170714,20170929
SUN 17_18-SUN_WD-Weekday-01-0001000,0,0,0,1,0,0,0,20170714,20170929
SUN 17_18-SUN_WD-Weekday-01-0000100,0,0,0,0,1,0,0,20170714,20170929
SUN 17_18-SUN_SAT-Saturday-01,0,0,0,0,0,1,0,20170715,20170930
SUN 17_18-SUN_SUN-Sunday-01,0,0,0,0,0,0,1,20170716,20170924
TBS 17_18-TBS_FUL-Weekday-02,1,1,1,1,1,0,0,20170714,20170915
TBS 17_18-TBS_FUL-Saturday-01,0,0,0,0,0,1,0,20170715,20170930
TBS 17_18-TBS_FUL-Sunday-01,0,0,0,0,0,0,1,20170716,20170924
TBS 17_18-TBS_HSC-Weekday-01,1,1,1,1,1,0,0,20170814,20170929
TDEV 17_18-TDEV_FUL-Weekday-01,1,1,1,1,1,0,0,20170714,20170728
TDEV 17_18-TDEV_SAT-Saturday-01,0,0,0,0,0,1,0,20170715,20170930
TDEV 17_18-TDEV_SUN-Sunday-01,0,0,0,0,0,0,1,20170716,20170730
TDEV 17_18-TDEV_SUN-Sunday-02,0,0,0,0,0,0,1,20170723,20170723
TDEV 17_18-TDEV_FUL-Weekday-02,1,1,1,1,1,0,0,20170731,20170915
TDEV 17_18-TDEV_SUN-Sunday-03,0,0,0,0,0,0,1,20170806,20170924
TDEV 17_18-TDEV_HOL-Weekday-02,1,1,1,1,1,0,0,20170918,20170929
WBS 17_18-WBS_FUL-Weekday-00,1,1,1,1,1,0,0,20170714,20170714
WBS 17_18-WBS_SAT-Saturday-01,0,0,0,0,0,1,0,20170715,20170930
WBS 17_18-WBS_SUN-Sunday-01,0,0,0,0,0,0,1,20170716,20170924
WBS 17_18-WBS_FUL-Weekday-01,1,1,1,1,1,0,0,20170717,20170915
WBS 17_18-WBS_HSC-Weekday-01,1,1,1,1,1,0,0,20170918,20170929
